Test effectué le Mon Mar 28 21:54:05 CEST 2016

      +   -   0   1   2   3   4   5   6   7   8   9

+ :   9   0   0   0   0   0   1   0   0   0   0   0   
- :   0   9   0   1   0   0   0   0   0   0   0   0   
0 :   0   0   8   0   0   0   0   0   0   0   0   2   
1 :   0   0   0   6   1   2   0   0   0   1   0   0   
2 :   0   0   0   1   8   0   0   0   1   0   0   0   
3 :   0   0   0   1   0   9   0   0   0   0   0   0   
4 :   0   0   0   0   0   0   10   0   0   0   0   0   
5 :   0   0   0   0   1   0   0   9   0   0   0   0   
6 :   0   0   0   0   0   0   0   0   10   0   0   0   
7 :   0   0   0   0   0   2   3   0   0   5   0   0   
8 :   0   0   1   0   0   0   0   0   0   0   9   0   
9 :   0   0   0   0   0   1   0   0   0   0   0   9   

Le taux de reconnaissance est de : 84.16666666666667%